21
2
3
3 0
max
9 -9 27 1
12 8 216 1
-13 4 32 1
2
3
2 3
max
12 -2 84 1
-1 8 87 1
-8 1 3 1
5
3
-1 2 1 -1 4
max
-1 -1 -1 0 -5 -87 0
-1 0 1 3 -14 -57 0
0 1 -1 0 6 12 0
5
3
3 4 -1 4 4
max
0 -1 5 1 -24 -127 0
-1 -1 -2 -1 -9 -152 0
-1 0 -1 0 1 -7 0
3
3
-6 -3 4
max
2 0 2 8 2
-1 -1 2 6 0
1 -1 -1 4 1
3
3
-8 6 4
min
-2 -1 1 -6 2
0 -1 -1 -3 2
-2 2 -1 4 2
6
4
5 3 5 3 -2 5
max
5 -1 1 0 0 -25 0 0
7 1 0 1 0 -47 0 0
-5 5 0 0 1 -35 0 0
5 2 0 0 0 8 1 0
6
4
-2 2 0 2 4 -3
max
5 -8 1 0 0 -25 0 0
-6 8 0 1 0 -24 0 0
4 5 0 0 1 -77 0 0
8 1 0 0 0 8 1 0
6
4
-2 4 -1 3 -2 -1
max
3 -1 1 0 0 -12 0 0
-5 4 0 1 0 -4 0 0
3 1 0 0 1 -18 0 0
8 3 0 0 0 6 1 0
2
3
6 2
max
11 -2 66 1
-3 6 42 1
-4 2 8 1
2
3
7 8
max
11 -3 66 1
-1 8 79 1
-6 1 4 1
5
3
0 2 0 3 0
max
-1 1 0 -3 0 -9 0
1 1 0 1 6 21 0
0 0 1 1 -4 2 0
5
3
3 5 2 5 2
max
8 -1 0 0 1 36 0
1 -1 0 1 0 1 0
1 -2 -1 -1 0 -25 0
6
4
1 -1 2 -2 -3 -3
max
6 0 1 0 0 -18 0 0
4 -1 0 1 0 -6 0 0
-2 4 0 0 1 -32 0 0
5 5 0 0 0 2 1 0
6
4
2 4 0 4 2 4
max
5 -5 1 0 0 -10 0 0
3 3 0 1 0 -36 0 0
-2 4 0 0 1 -24 0 0
7 1 0 0 0 3 1 0
3
3
2 5 1
min
-1 1 1 6 2
3 2 -1 12 1
1 -2 -3 3 2
2
3
1 -1
max
-2 3 9 2
1 -2 2 2
1 1 8 1
4
2
1 2 -1 1
max
1 1 -2 3 1 0
2 -1 -1 3 2 0
3
3
3 2 1
min
0 1 1 4 2
2 1 2 6 2
2 -1 2 2 2
5
3
-3 1 4 0 0
max
0 -1 1 1 0 1 0
-5 1 1 0 0 2 0
-8 1 2 0 -1 3 0
3
3
2 1 -2
min
1 1 -1 8 2
1 -1 2 2 2
-2 -8 3 1 2